# unix_time, cycles_done, cur_path, paths_total, pending_total, pending_favs, map_size, unique_crashes, unique_hangs, max_depth, execs_per_sec
1694156499, 0, 0, 1, 1, 1, 0.19%, 0, 0, 1, 131.15
1694156514, 0, 0, 6, 6, 1, 0.19%, 0, 0, 2, 167.15
1694156524, 0, 0, 7, 7, 1, 0.19%, 0, 0, 2, 166.80
1694156667, 0, 0, 9, 9, 1, 0.19%, 0, 0, 2, 165.53
1694156865, 0, 0, 10, 10, 1, 0.19%, 0, 0, 2, 171.91
1694156870, 0, 0, 11, 11, 1, 0.19%, 0, 0, 2, 169.49
1694156875, 0, 0, 11, 11, 1, 0.19%, 1, 0, 2, 170.88
1694156921, 0, 0, 12, 12, 1, 0.19%, 1, 0, 2, 158.57
1694156931, 0, 0, 13, 13, 1, 0.19%, 1, 0, 2, 149.45
1694156982, 0, 0, 14, 14, 1, 0.19%, 1, 0, 2, 166.30
1694157182, 0, 0, 15, 15, 1, 0.19%, 1, 0, 2, 167.90
1694157192, 0, 0, 16, 16, 1, 0.19%, 1, 0, 2, 168.01
1694157197, 0, 0, 17, 17, 1, 0.19%, 1, 0, 2, 167.65
1694157580, 0, 0, 19, 19, 1, 0.19%, 1, 0, 2, 172.93
1694157585, 0, 0, 21, 21, 1, 0.19%, 1, 0, 2, 174.89
1694157738, 0, 0, 21, 21, 1, 0.19%, 2, 0, 2, 165.98
1694157764, 0, 0, 21, 21, 1, 0.19%, 4, 0, 2, 169.59
1694157962, 0, 0, 21, 21, 1, 0.19%, 5, 0, 2, 166.90
1694158053, 0, 0, 21, 21, 1, 0.19%, 6, 0, 2, 162.25
1694158146, 0, 0, 21, 21, 1, 0.19%, 7, 0, 2, 174.51
1694158385, 0, 0, 21, 21, 1, 0.19%, 8, 0, 2, 167.73
1694161837, 0, 0, 22, 22, 1, 0.19%, 8, 0, 2, 182.93
1694164262, 0, 0, 23, 23, 1, 0.19%, 8, 0, 2, 131.90
1694168879, 0, 0, 23, 23, 1, 0.19%, 9, 0, 2, 181.48
1694169016, 0, 0, 28, 28, 1, 0.19%, 9, 0, 2, 180.14
1694169021, 0, 0, 29, 29, 1, 0.19%, 9, 0, 2, 179.73
1694169026, 0, 0, 30, 30, 1, 0.19%, 9, 0, 2, 177.49
1694170127, 0, 0, 49, 49, 1, 0.19%, 18, 0, 2, 195.26
1694170132, 0, 0, 53, 53, 1, 0.19%, 19, 0, 2, 201.25
1694170137, 0, 0, 61, 61, 1, 0.19%, 19, 0, 2, 199.93
1694170142, 0, 0, 63, 63, 1, 0.19%, 19, 0, 2, 200.15
1694170148, 0, 0, 65, 65, 1, 0.19%, 20, 0, 2, 200.36
1694170158, 0, 0, 67, 67, 1, 0.19%, 20, 0, 2, 201.28
1694170168, 0, 0, 68, 68, 1, 0.19%, 20, 0, 2, 199.86
1694170173, 0, 0, 71, 71, 1, 0.19%, 20, 0, 2, 199.71
1694170183, 0, 0, 72, 72, 1, 0.19%, 20, 0, 2, 201.00
1694170193, 0, 0, 74, 74, 1, 0.19%, 20, 0, 2, 201.01
1694170204, 0, 0, 75, 75, 1, 0.19%, 20, 0, 2, 200.21
1694170219, 0, 0, 76, 76, 1, 0.19%, 20, 0, 2, 200.54
1694170229, 0, 0, 77, 77, 1, 0.19%, 20, 0, 2, 200.02
1694170234, 0, 0, 78, 78, 1, 0.19%, 20, 0, 2, 201.40
1694170254, 0, 0, 79, 79, 1, 0.19%, 20, 0, 2, 201.56
1694170290, 0, 10, 79, 78, 2, 0.19%, 20, 0, 2, 187.60
1694183368, 0, 22, 79, 77, 2, 0.19%, 20, 0, 2, 165.74
